223: 1 -1 2 -1 3 4 5 -1 7 -1 10 -1 -2
223: 1 -1 2 -1 3 4 5 -1 7 -1 10 -1 -2
223: 1 -1 2 -1 3 4 5 -1 7 -1 10 -1 -2
223: 1 -1 2 -1 3 4 5 -1 7 -1 10 -1 -2
223: 1 -1 2 -1 3 4 5 -1 7 -1 10 -1 -2
223: 1 -1 2 -1 3 4 5 -1 7 -1 10 -1 -2
220: 1 -1 2 -1 3 4 5 -1 7 -1 10 -1 -2
220: 1 -1 2 -1 3 4 5 -1 7 -1 10 -1 -2
220: 1 -1 2 -1 3 4 5 -1 8 -1 10 -1 -2
220: 1 -1 2 -1 3 4 5 -1 7 -1 10 -1 -2
220: 1 -1 2 -1 3 4 5 -1 8 -1 7 -1 10 -1 -2
220: 1 -1 2 -1 3 4 5 -1 8 -1 10 -1 -2
241: 1 -1 2 -1 3 8 -1 10 -1 -2
241: 1 -1 2 -1 3 3 5 -1 8 -1 10 -1 -2
241: 1 -1 2 -1 5 -1 7 -1 10 -1 -2
241: 1 -1 6 -1 5 -1 7 -1 10 -1 -2
241: 1 -1 6 -1 5 -1 2 -1 3 10 -1 -2
241: 1 -1 6 -1 5 -1 8 -1 10 -1 -2
241: 1 -1 6 -1 5 -1 8 -1 9 -1 10 -1 -2
237: 1 -1 2 -1 3 4 5 -1 7 -1 10 -1 -2
237: 1 -1 2 -1 3 4 5 -1 7 -1 9 -1 10 -1 -2
237: 1 -1 2 -1 3 4 5 -1 7 -1 10 -1 -2
237: 1 -1 2 -1 3 4 5 -1 8 -1 10 -1 -2
237: 1 -1 2 -1 3 4 5 -1 7 -1 10 -1 -2
237: 1 -1 2 -1 3 4 5 -1 7 -1 10 -1 -2
239: 1 -1 6 -1 2 -1 4 -1 10 -1 -2
239: 1 -1 2 -1 4 -1 5 -1 8 -1 10 -1 -2
239: 1 -1 6 -1 5 -1 2 -1 4 -1 3 7 -1 10 -1 -2
239: 1 -1 2 -1 3 5 -1 9 -1 10 -1 -2
239: 1 -1 2 -1 5 -1 7 -1 10 -1 -2
239: 1 -1 2 -1 4 -1 5 -1 7 -1 9 -1 10 -1 -2
243: 1 -1 2 -1 3 4 5 -1 7 -1 10 -1 -2
243: 1 -1 2 -1 3 4 5 -1 7 -1 10 -1 -2
243: 1 -1 2 -1 3 4 5 -1 7 -1 10 -1 -2
243: 1 -1 2 -1 3 4 5 -1 8 -1 7 -1 10 -1 -2
243: 1 -1 2 -1 3 4 5 -1 7 -1 10 -1 -2
243: 1 -1 2 -1 3 4 5 -1 8 -1 10 -1 -2
245: 1 -1 2 -1 3 4 5 -1 7 -1 10 -1 -2
245: 1 -1 2 -1 3 4 5 -1 9 -1 8 -1 10 -1 -2
245: 1 -1 2 -1 3 4 5 -1 7 -1 10 -1 -2
245: 1 -1 2 -1 3 4 5 -1 7 -1 10 -1 -2
245: 1 -1 2 -1 3 4 5 -1 8 -1 7 -1 10 -1 -2
245: 1 -1 2 -1 3 4 5 -1 8 -1 7 -1 10 -1 -2
228: 1 -1 2 -1 3 4 5 -1 7 -1 10 -1 -2
228: 1 -1 2 -1 3 4 5 -1 8 -1 9 -1 10 -1 -2
228: 1 -1 2 -1 3 4 5 -1 7 -1 10 -1 -2
228: 1 -1 2 -1 3 4 5 -1 8 -1 10 -1 -2
228: 1 -1 2 -1 3 4 5 -1 7 -1 10 -1 -2
228: 1 -1 2 -1 3 4 5 -1 8 -1 10 -1 -2
230: 1 -1 2 -1 5 -1 7 -1 8 -1 10 -1 -2
230: 1 -1 2 -1 3 5 -1 8 -1 10 -1 -2
230: 1 -1 2 -1 5 -1 7 -1 10 -1 -2
230: 1 -1 6 -1 5 -1 9 -1 10 -1 -2
230: 1 -1 2 -1 3 5 -1 7 -1 8 -1 10 -1 -2
230: 1 -1 2 -1 5 -1 9 -1 7 -1 10 -1 -2
234: 1 -1 2 -1 3 4 5 -1 7 -1 10 -1 -2
234: 1 -1 2 -1 3 4 5 -1 8 -1 9 -1 10 -1 -2
234: 1 -1 2 -1 3 4 5 -1 7 -1 10 -1 -2
234: 1 -1 2 -1 3 4 5 -1 8 -1 7 -1 10 -1 -2
234: 1 -1 2 -1 3 4 5 -1 7 -1 10 -1 -2
234: 1 -1 2 -1 3 4 5 -1 7 -1 10 -1 -2
247: 1 -1 2 -1 3 4 5 -1 7 -1 10 -1 -2
247: 1 -1 2 -1 3 4 5 -1 7 -1 8 -1 10 -1 -2
247: 1 -1 2 -1 3 4 5 -1 8 -1 10 -1 -2
247: 1 -1 2 -1 3 4 5 -1 7 -1 10 -1 -2
247: 1 -1 2 -1 3 4 5 -1 7 -1 10 -1 -2
247: 1 -1 2 -1 3 5 -1 7 -1 10 -1 -2
250: 1 -1 2 -1 3 4 5 -1 7 -1 10 -1 -2
250: 1 -1 2 -1 3 4 5 -1 8 -1 10 -1 -2
250: 1 -1 2 -1 3 4 5 -1 8 -1 7 -1 10 -1 -2
250: 1 -1 2 -1 3 4 5 -1 8 -1 7 -1 10 -1 -2
250: 1 -1 2 -1 3 4 5 -1 8 -1 10 -1 -2
250: 1 -1 2 -1 3 4 5 -1 7 -1 10 -1 -2
253: 1 -1 6 -1 5 -1 7 -1 8 -1 2 -1 3 10 -1 -2
253: 1 -1 6 -1 5 -1 2 -1 10 -1 -2
253: 1 -1 6 -1 5 -1 7 -1 9 -1 10 -1 -2
253: 10 -1 -2
253: 1 -1 2 -1 3 5 -1 9 -1 10 -1 -2
253: 1 -1 2 -1 5 -1 7 -1 10 -1 -2
259: 1 -1 2 -1 3 4 5 -1 7 -1 10 -1 -2
259: 1 -1 2 -1 3 4 5 -1 8 -1 7 -1 10 -1 -2
259: 1 -1 2 -1 3 4 5 -1 8 -1 10 -1 -2
259: 1 -1 2 -1 3 4 5 -1 7 -1 10 -1 -2
259: 1 -1 2 -1 3 4 5 -1 7 -1 10 -1 -2
259: 1 -1 2 -1 3 4 5 -1 7 -1 10 -1 -2
269: 1 -1 2 -1 3 4 5 -1 7 -1 10 -1 -2
269: 1 -1 2 -1 3 4 5 -1 8 -1 7 -1 10 -1 -2
269: 1 -1 2 -1 3 4 5 -1 7 -1 10 -1 -2
269: 1 -1 2 -1 3 4 5 -1 7 -1 10 -1 -2
269: 1 -1 2 -1 3 4 5 -1 8 -1 10 -1 -2
269: 1 -1 2 -1 3 4 5 -1 7 -1 10 -1 -2
222: 1 -1 2 -1 3 8 -1 7 -1 6 -1 5 -1 7 -1 10 -1 -2
222: 1 -1 2 -1 4 -1 3 5 -1 7 -1 10 -1 -2
222: 1 -1 6 -1 5 -1 2 -1 3 10 -1 -2
222: 1 -1 2 -1 5 -1 7 -1 10 -1 -2
222: 1 -1 6 -1 5 -1 8 -1 10 -1 -2
222: 1 -1 2 -1 5 -1 7 -1 9 -1 8 -1 10 -1 -2
226: 1 -1 2 -1 3 4 5 -1 7 -1 10 -1 -2
226: 1 -1 2 -1 3 4 5 -1 9 -1 10 -1 -2
226: 1 -1 2 -1 3 4 5 -1 7 -1 10 -1 -2
226: 1 -1 2 -1 3 4 5 -1 8 -1 10 -1 -2
226: 1 -1 2 -1 3 4 5 -1 7 -1 8 -1 10 -1 -2
226: 1 -1 2 -1 3 4 5 -1 7 -1 10 -1 -2
232: 1 -1 2 -1 3 4 5 -1 7 -1 10 -1 -2
232: 1 -1 2 -1 3 4 5 -1 7 -1 6 -1 10 -1 -2
232: 1 -1 2 -1 3 4 5 -1 7 -1 10 -1 -2
232: 1 -1 2 -1 3 4 5 -1 7 -1 10 -1 -2
232: 1 -1 2 -1 3 4 5 -1 8 -1 7 -1 10 -1 -2
232: 1 -1 2 -1 3 4 5 -1 8 -1 7 -1 10 -1 -2
287: 1 -1 2 -1 3 4 5 -1 7 -1 10 -1 -2
287: 1 -1 2 -1 3 4 5 -1 9 -1 10 -1 -2
287: 1 -1 2 -1 3 4 5 -1 7 -1 10 -1 -2
287: 1 -1 2 -1 3 4 5 -1 7 -1 10 -1 -2
287: 1 -1 2 -1 3 4 5 -1 7 -1 10 -1 -2
287: 1 -1 2 -1 3 4 5 -1 7 -1 10 -1 -2
284: 1 -1 2 -1 4 -1 5 -1 7 -1 10 -1 -2
284: 1 -1 6 -1 5 -1 7 -1 10 -1 -2
284: 1 -1 2 -1 3 6 -1 5 -1 9 -1 7 -1 10 -1 -2
284: 1 -1 2 -1 3 5 -1 7 -1 9 -1 10 -1 -2
284: 1 -1 6 -1 5 -1 7 -1 10 -1 -2
284: 1 -1 6 -1 5 -1 7 -1 10 -1 -2
295: 1 -1 2 -1 3 9 -1 10 -1 -2
295: 1 -1 2 -1 5 -1 8 -1 6 -1 5 -1 9 -1 10 -1 -2
295: 1 -1 2 -1 3 5 -1 8 -1 9 -1 7 -1 10 -1 -2
295: 1 -1 2 -1 5 -1 7 -1 10 -1 -2
295: 1 -1 2 -1 3 5 -1 7 -1 10 -1 -2
295: 1 -1 2 -1 3 5 -1 7 -1 10 -1 -2
271: 1 -1 2 -1 3 4 5 -1 7 -1 10 -1 -2
271: 1 -1 2 -1 3 4 5 -1 8 -1 10 -1 -2
271: 1 -1 2 -1 3 4 5 -1 7 -1 10 -1 -2
271: 1 -1 2 -1 3 4 5 -1 7 -1 10 -1 -2
271: 1 -1 2 -1 3 4 5 -1 7 -1 10 -1 -2
271: 1 -1 2 -1 3 4 5 -1 7 -1 10 -1 -2
278: 1 -1 2 -1 3 4 5 -1 7 -1 10 -1 -2
278: 1 -1 2 -1 3 4 5 -1 7 -1 10 -1 -2
278: 1 -1 2 -1 3 4 5 -1 8 -1 7 -1 10 -1 -2
278: 1 -1 2 -1 3 4 5 -1 8 -1 10 -1 -2
278: 1 -1 2 -1 3 4 5 -1 7 -1 10 -1 -2
278: 1 -1 2 -1 3 4 5 -1 7 -1 10 -1 -2
283: 1 -1 2 -1 3 4 5 -1 7 -1 10 -1 -2
283: 1 -1 2 -1 3 4 5 -1 7 -1 10 -1 -2
283: 1 -1 2 -1 3 4 5 -1 7 -1 10 -1 -2
283: 1 -1 2 -1 3 4 5 -1 7 -1 10 -1 -2
283: 1 -1 2 -1 3 4 5 -1 7 -1 10 -1 -2
283: 1 -1 2 -1 3 4 5 -1 7 -1 10 -1 -2
292: 1 -1 2 -1 3 4 5 -1 7 -1 10 -1 -2
292: 1 -1 2 -1 3 4 5 -1 7 -1 10 -1 -2
292: 1 -1 2 -1 3 4 5 -1 8 -1 10 -1 -2
292: 1 -1 2 -1 3 4 5 -1 8 -1 10 -1 -2
292: 1 -1 2 -1 3 4 5 -1 7 -1 8 -1 10 -1 -2
292: 1 -1 2 -1 3 4 5 -1 7 -1 10 -1 -2
293: 1 -1 6 -1 5 -1 7 -1 8 -1 10 -1 -2
293: 1 -1 2 -1 3 3 6 -1 5 -1 8 -1 10 -1 -2
293: 1 -1 6 -1 5 -1 8 -1 10 -1 -2
293: 1 -1 2 -1 5 -1 9 -1 10 -1 -2
293: 1 -1 2 -1 5 -1 9 -1 7 -1 10 -1 -2
293: 1 -1 6 -1 5 -1 9 -1 10 -1 -2
290: 1 -1 2 -1 3 4 5 -1 7 -1 10 -1 -2
290: 1 -1 2 -1 3 4 5 -1 7 -1 10 -1 -2
290: 1 -1 2 -1 3 4 5 -1 8 -1 10 -1 -2
290: 1 -1 2 -1 3 4 5 -1 8 -1 7 -1 10 -1 -2
290: 1 -1 2 -1 3 4 5 -1 8 -1 10 -1 -2
290: 1 -1 2 -1 3 4 5 -1 2 -1 10 -1 -2
270: 1 -1 6 -1 5 -1 7 -1 10 -1 -2
270: 1 -1 6 -1 5 -1 9 -1 7 -1 10 -1 -2
270: 1 -1 2 -1 5 -1 9 -1 10 -1 -2
270: 1 -1 6 -1 5 -1 7 -1 10 -1 -2
270: 1 -1 6 -1 5 -1 9 -1 7 -1 10 -1 -2
270: 1 -1 6 -1 5 -1 9 -1 2 -1 4 -1 7 -1 10 -1 -2
280: 1 -1 2 -1 4 -1 8 -1 6 -1 5 -1 7 -1 10 -1 -2
280: 1 -1 6 -1 5 -1 8 -1 9 -1 2 -1 3 10 -1 -2
280: 1 -1 2 -1 3 5 -1 9 -1 10 -1 -2
280: 1 -1 2 -1 3 10 -1 -2
280: 1 -1 6 -1 5 -1 9 -1 10 -1 -2
280: 1 -1 6 -1 5 -1 8 -1 2 -1 3 7 -1 10 -1 -2
280: 1 -1 2 -1 3 5 -1 9 -1 8 -1 10 -1 -2
221: 1 -1 2 -1 3 4 5 -1 7 -1 10 -1 -2
221: 1 -1 2 -1 3 4 5 -1 8 -1 9 -1 10 -1 -2
221: 1 -1 2 -1 3 4 5 -1 9 -1 7 -1 10 -1 -2
221: 1 -1 2 -1 3 4 5 -1 8 -1 10 -1 -2
221: 1 -1 2 -1 3 4 5 -1 7 -1 10 -1 -2
221: 1 -1 2 -1 3 4 5 -1 7 -1 10 -1 -2
229: 1 -1 2 -1 3 4 5 -1 7 -1 10 -1 -2
229: 1 -1 2 -1 3 4 5 -1 7 -1 8 -1 10 -1 -2
229: 1 -1 2 -1 3 4 5 -1 7 -1 10 -1 -2
229: 1 -1 2 -1 3 4 5 -1 8 -1 10 -1 -2
229: 1 -1 2 -1 3 4 5 -1 8 -1 7 -1 10 -1 -2
229: 1 -1 2 -1 3 4 5 -1 8 -1 10 -1 -2
240: 1 -1 2 -1 3 4 5 -1 7 -1 10 -1 -2
240: 1 -1 2 -1 3 4 5 -1 7 -1 9 -1 10 -1 -2
240: 1 -1 2 -1 3 4 5 -1 8 -1 10 -1 -2
240: 1 -1 2 -1 3 4 5 -1 7 -1 10 -1 -2
240: 1 -1 2 -1 3 4 5 -1 8 -1 10 -1 -2
240: 1 -1 2 -1 3 4 5 -1 7 -1 10 -1 -2
249: 1 -1 2 -1 3 4 5 -1 7 -1 10 -1 -2
249: 1 -1 2 -1 3 4 5 -1 8 -1 10 -1 -2
249: 1 -1 2 -1 3 4 5 -1 8 -1 10 -1 -2
249: 1 -1 2 -1 3 4 5 -1 7 -1 10 -1 -2
249: 1 -1 2 -1 3 4 5 -1 7 -1 10 -1 -2
249: 1 -1 2 -1 3 4 5 -1 7 -1 10 -1 -2
274: 1 -1 2 -1 4 -1 5 -1 7 -1 8 -1 9 -1 10 -1 -2
274: 1 -1 2 -1 4 -1 5 -1 8 -1 10 -1 -2
274: 1 -1 2 -1 3 6 -1 5 -1 7 -1 10 -1 -2
274: 1 -1 6 -1 5 -1 9 -1 10 -1 -2
274: 1 -1 2 -1 4 -1 5 -1 9 -1 8 -1 7 -1 10 -1 -2
274: 1 -1 6 -1 5 -1 2 -1 3 10 -1 -2
275: 1 -1 2 -1 3 4 5 -1 7 -1 10 -1 -2
275: 1 -1 2 -1 3 4 5 -1 8 -1 10 -1 -2
275: 1 -1 2 -1 3 4 5 -1 8 -1 10 -1 -2
275: 1 -1 2 -1 3 4 5 -1 8 -1 10 -1 -2
275: 1 -1 2 -1 3 4 5 -1 8 -1 10 -1 -2
275: 1 -1 2 -1 3 4 5 -1 7 -1 10 -1 -2
294: 1 -1 2 -1 3 4 5 -1 7 -1 10 -1 -2
294: 1 -1 2 -1 3 4 5 -1 7 -1 10 -1 -2
294: 1 -1 2 -1 3 4 5 -1 8 -1 10 -1 -2
294: 1 -1 2 -1 3 4 5 -1 7 -1 10 -1 -2
294: 1 -1 2 -1 3 4 5 -1 8 -1 10 -1 -2
294: 1 -1 2 -1 3 4 5 -1 7 -1 10 -1 -2
288: 1 -1 2 -1 3 9 -1 10 -1 -2
288: 1 -1 6 -1 5 -1 2 -1 3 5 -1 7 -1 10 -1 -2
288: 1 -1 2 -1 5 -1 9 -1 10 -1 -2
288: 1 -1 2 -1 4 -1 5 -1 8 -1 10 -1 -2
288: 1 -1 2 -1 4 -1 5 -1 7 -1 9 -1 8 -1 10 -1 -2
288: 1 -1 2 -1 3 5 -1 7 -1 10 -1 -2
285: 1 -1 2 -1 3 4 5 -1 7 -1 10 -1 -2
285: 1 -1 2 -1 3 4 5 -1 7 -1 10 -1 -2
285: 1 -1 2 -1 3 4 5 -1 7 -1 10 -1 -2
285: 1 -1 2 -1 3 4 5 -1 7 -1 10 -1 -2
285: 1 -1 2 -1 3 4 5 -1 7 -1 10 -1 -2
285: 1 -1 2 -1 3 4 5 -1 7 -1 10 -1 -2
282: 1 -1 2 -1 3 4 5 -1 7 -1 10 -1 -2
282: 1 -1 2 -1 3 4 5 -1 8 -1 10 -1 -2
282: 1 -1 2 -1 3 4 5 -1 7 -1 10 -1 -2
282: 1 -1 2 -1 3 4 5 -1 7 -1 10 -1 -2
282: 1 -1 2 -1 3 4 5 -1 7 -1 10 -1 -2
282: 1 -1 2 -1 3 4 5 -1 7 -1 10 -1 -2
276: 1 -1 2 -1 3 4 5 -1 7 -1 10 -1 -2
276: 1 -1 2 -1 3 4 5 -1 9 -1 10 -1 -2
276: 1 -1 2 -1 3 4 5 -1 8 -1 10 -1 -2
276: 1 -1 2 -1 3 4 5 -1 7 -1 10 -1 -2
276: 1 -1 2 -1 3 4 5 -1 7 -1 10 -1 -2
276: 1 -1 2 -1 3 4 5 -1 7 -1 10 -1 -2
289: 1 -1 2 -1 3 10 -1 -2
289: 1 -1 2 -1 3 5 -1 7 -1 6 -1 5 -1 10 -1 -2
289: 1 -1 6 -1 5 -1 2 -1 3 7 -1 10 -1 -2
289: 1 -1 2 -1 4 -1 5 -1 7 -1 10 -1 -2
289: 1 -1 6 -1 5 -1 9 -1 7 -1 10 -1 -2
289: 1 -1 2 -1 5 -1 7 -1 10 -1 -2
291: 1 -1 2 -1 3 4 5 -1 7 -1 10 -1 -2
291: 1 -1 2 -1 3 4 5 -1 7 -1 10 -1 -2
291: 1 -1 2 -1 3 4 5 -1 8 -1 7 -1 10 -1 -2
291: 1 -1 2 -1 3 4 5 -1 7 -1 10 -1 -2
291: 1 -1 2 -1 3 4 5 -1 7 -1 10 -1 -2
291: 1 -1 2 -1 3 4 5 -1 7 -1 10 -1 -2
286: 1 -1 2 -1 3 4 8 -1 10 -1 -2
286: 1 -1 2 -1 4 -1 6 -1 5 -1 6 -1 5 -1 10 -1 -2
286: 1 -1 2 -1 5 -1 8 -1 7 -1 10 -1 -2
286: 1 -1 6 -1 5 -1 2 -1 3 10 -1 -2
286: 1 -1 2 -1 5 -1 8 -1 7 -1 10 -1 -2
286: 1 -1 6 -1 5 -1 2 -1 10 -1 -2
281: 1 -1 2 -1 3 4 5 -1 7 -1 10 -1 -2
281: 1 -1 2 -1 3 4 5 -1 7 -1 10 -1 -2
281: 1 -1 2 -1 3 4 5 -1 7 -1 10 -1 -2
281: 1 -1 2 -1 3 4 5 -1 7 -1 10 -1 -2
281: 1 -1 2 -1 3 4 5 -1 7 -1 10 -1 -2
281: 1 -1 2 -1 3 4 5 -1 8 -1 10 -1 -2
277: 1 -1 6 -1 5 -1 7 -1 8 -1 2 -1 4 -1 10 -1 -2
277: 1 -1 6 -1 5 -1 7 -1 10 -1 -2
277: 1 -1 2 -1 3 5 -1 7 -1 10 -1 -2
277: 1 -1 6 -1 5 -1 7 -1 10 -1 -2
277: 1 -1 2 -1 4 -1 5 -1 7 -1 8 -1 10 -1 -2
277: 1 -1 6 -1 5 -1 2 -1 10 -1 -2
224: 1 -1 6 -1 5 -1 7 -1 8 -1 2 -1 3 10 -1 -2
224: 1 -1 2 -1 4 -1 5 -1 7 -1 10 -1 -2
224: 1 -1 2 -1 5 -1 10 -1 -2
224: 1 -1 2 -1 4 -1 5 -1 7 -1 10 -1 -2
224: 1 -1 6 -1 5 -1 8 -1 10 -1 -2
224: 1 -1 2 -1 4 -1 5 -1 9 -1 10 -1 -2
227: 1 -1 2 -1 3 4 5 -1 10 -1 -2
227: 1 -1 2 -1 3 4 5 -1 9 -1 8 -1 7 -1 10 -1 -2
227: 1 -1 2 -1 3 4 5 -1 8 -1 10 -1 -2
227: 1 -1 2 -1 3 4 5 -1 8 -1 10 -1 -2
227: 1 -1 2 -1 3 4 5 -1 7 -1 10 -1 -2
227: 1 -1 2 -1 3 4 5 -1 8 -1 10 -1 -2
231: 1 -1 2 -1 3 5 -1 7 -1 8 -1 10 -1 -2
231: 1 -1 6 -1 5 -1 2 -1 3 10 -1 -2
231: 1 -1 6 -1 5 -1 2 -1 3 7 -1 10 -1 -2
231: 1 -1 6 -1 5 -1 2 -1 3 7 -1 10 -1 -2
231: 1 -1 2 -1 4 -1 5 -1 7 -1 10 -1 -2
231: 1 -1 2 -1 3 5 -1 7 -1 9 -1 10 -1 -2
238: 1 -1 2 -1 3 4 5 -1 7 -1 10 -1 -2
238: 1 -1 2 -1 3 4 5 -1 9 -1 10 -1 -2
238: 1 -1 2 -1 3 4 5 -1 7 -1 10 -1 -2
238: 1 -1 2 -1 3 4 5 -1 8 -1 10 -1 -2
238: 1 -1 2 -1 3 4 5 -1 8 -1 10 -1 -2
238: 1 -1 2 -1 3 4 5 -1 7 -1 10 -1 -2
233: 1 -1 6 -1 5 -1 8 -1 7 -1 9 -1 10 -1 -2
233: 1 -1 2 -1 5 -1 9 -1 10 -1 -2
233: 1 -1 6 -1 5 -1 7 -1 8 -1 9 -1 10 -1 -2
233: 1 -1 6 -1 2 -1 5 -1 7 -1 10 -1 -2
233: 1 -1 2 -1 4 -1 5 -1 7 -1 9 -1 8 -1 10 -1 -2
233: 1 -1 6 -1 5 -1 9 -1 7 -1 10 -1 -2
242: 1 -1 2 -1 3 4 5 -1 7 -1 10 -1 -2
242: 1 -1 2 -1 3 4 5 -1 7 -1 10 -1 -2
242: 1 -1 2 -1 3 4 5 -1 8 -1 10 -1 -2
242: 1 -1 2 -1 3 4 5 -1 7 -1 10 -1 -2
242: 1 -1 2 -1 3 4 5 -1 7 -1 10 -1 -2
242: 1 -1 2 -1 3 4 5 -1 7 -1 10 -1 -2
235: 1 -1 2 -1 3 10 -1 -2
235: 1 -1 2 -1 5 -1 6 -1 5 -1 7 -1 10 -1 -2
235: 1 -1 2 -1 3 5 -1 7 -1 9 -1 10 -1 -2
235: 1 -1 2 -1 4 -1 5 -1 7 -1 10 -1 -2
235: 1 -1 6 -1 5 -1 7 -1 10 -1 -2
235: 1 -1 6 -1 5 -1 7 -1 10 -1 -2
244: 1 -1 2 -1 3 4 5 -1 7 -1 10 -1 -2
244: 1 -1 2 -1 3 4 5 -1 9 -1 10 -1 -2
244: 1 -1 2 -1 3 4 5 -1 7 -1 10 -1 -2
244: 1 -1 2 -1 3 4 5 -1 8 -1 10 -1 -2
244: 1 -1 2 -1 3 4 5 -1 7 -1 10 -1 -2
244: 1 -1 2 -1 3 4 5 -1 7 -1 10 -1 -2
252: 1 -1 2 -1 3 4 5 -1 7 -1 10 -1 -2
252: 1 -1 2 -1 3 4 5 -1 8 -1 7 -1 10 -1 -2
252: 1 -1 2 -1 3 4 5 -1 8 -1 10 -1 -2
252: 1 -1 2 -1 3 4 5 -1 8 -1 10 -1 -2
252: 1 -1 2 -1 3 4 5 -1 7 -1 10 -1 -2
252: 1 -1 2 -1 3 4 5 -1 8 -1 10 -1 -2
279: 1 -1 2 -1 9 -1 2 -1 4 -1 10 -1 -2
279: 1 -1 2 -1 5 -1 6 -1 5 -1 7 -1 10 -1 -2
279: 1 -1 6 -1 5 -1 8 -1 7 -1 9 -1 10 -1 -2
279: 1 -1 2 -1 3 5 -1 7 -1 8 -1 10 -1 -2
279: 1 -1 6 -1 5 -1 7 -1 10 -1 -2
273: 1 -1 2 -1 3 4 5 -1 7 -1 10 -1 -2
273: 1 -1 2 -1 3 4 5 -1 7 -1 10 -1 -2
273: 1 -1 2 -1 3 4 5 -1 7 -1 10 -1 -2
273: 1 -1 2 -1 3 4 5 -1 8 -1 10 -1 -2
273: 1 -1 2 -1 3 4 5 -1 7 -1 10 -1 -2
273: 1 -1 2 -1 3 4 5 -1 7 -1 10 -1 -2
272: 1 -1 6 -1 5 -1 9 -1 10 -1 -2
272: 1 -1 2 -1 3 5 -1 9 -1 7 -1 10 -1 -2
272: 1 -1 2 -1 5 -1 7 -1 10 -1 -2
272: 1 -1 2 -1 5 -1 7 -1 10 -1 -2
272: 1 -1 6 -1 5 -1 8 -1 9 -1 10 -1 -2
272: 1 -1 2 -1 3 5 -1 9 -1 10 -1 -2
268: 1 -1 2 -1 3 4 5 -1 7 -1 10 -1 -2
268: 1 -1 2 -1 3 4 5 -1 8 -1 10 -1 -2
268: 1 -1 2 -1 3 4 5 -1 7 -1 10 -1 -2
268: 1 -1 2 -1 3 4 5 -1 7 -1 10 -1 -2
268: 1 -1 2 -1 3 4 5 -1 7 -1 10 -1 -2
268: 1 -1 2 -1 3 4 5 -1 7 -1 10 -1 -2
265: 1 -1 2 -1 4 -1 5 -1 9 -1 10 -1 -2
265: 1 -1 2 -1 5 -1 10 -1 -2
265: 1 -1 2 -1 3 4 8 -1 10 -1 -2
265: 1 -1 2 -1 3 5 -1 6 -1 5 -1 8 -1 10 -1 -2
265: 1 -1 2 -1 3 5 -1 2 -1 8 -1 10 -1 -2
265: 1 -1 2 -1 4 -1 5 -1 9 -1 7 -1 10 -1 -2
264: 1 -1 2 -1 4 -1 3 10 -1 -2
264: 1 -1 2 -1 4 -1 4 -1 5 -1 7 -1 6 -1 5 -1 8 -1 10 -1 -2
264: 1 -1 2 -1 3 5 -1 9 -1 10 -1 -2
264: 1 -1 2 -1 7 -1 6 -1 5 -1 8 -1 10 -1 -2
264: 1 -1 2 -1 4 -1 5 -1 7 -1 10 -1 -2
264: 1 -1 6 -1 5 -1 7 -1 8 -1 10 -1 -2
267: 1 -1 6 -1 5 -1 9 -1 8 -1 10 -1 -2
267: 1 -1 6 -1 5 -1 7 -1 10 -1 -2
267: 1 -1 2 -1 4 -1 5 -1 7 -1 10 -1 -2
267: 1 -1 2 -1 3 5 -1 7 -1 10 -1 -2
267: 1 -1 2 -1 4 -1 5 -1 7 -1 10 -1 -2
267: 1 -1 6 -1 5 -1 7 -1 2 -1 3 10 -1 -2
262: 1 -1 2 -1 3 4 5 -1 7 -1 10 -1 -2
262: 1 -1 2 -1 3 4 5 -1 9 -1 10 -1 -2
262: 1 -1 2 -1 3 4 5 -1 7 -1 10 -1 -2
262: 1 -1 2 -1 3 4 5 -1 7 -1 10 -1 -2
262: 1 -1 2 -1 3 4 5 -1 7 -1 10 -1 -2
262: 1 -1 2 -1 3 4 5 -1 7 -1 10 -1 -2
266: 1 -1 2 -1 3 4 5 -1 7 -1 10 -1 -2
266: 1 -1 2 -1 3 4 5 -1 8 -1 10 -1 -2
266: 1 -1 2 -1 3 4 5 -1 7 -1 10 -1 -2
266: 1 -1 2 -1 3 4 5 -1 8 -1 10 -1 -2
266: 1 -1 2 -1 3 4 5 -1 7 -1 10 -1 -2
266: 1 -1 2 -1 3 4 5 -1 7 -1 10 -1 -2
260: 1 -1 2 -1 3 4 5 -1 7 -1 10 -1 -2
260: 1 -1 2 -1 3 4 5 -1 7 -1 10 -1 -2
260: 1 -1 2 -1 3 4 5 -1 7 -1 10 -1 -2
260: 1 -1 2 -1 3 4 5 -1 7 -1 10 -1 -2
260: 1 -1 2 -1 3 4 5 -1 7 -1 10 -1 -2
260: 1 -1 2 -1 3 4 5 -1 8 -1 10 -1 -2
263: 1 -1 2 -1 3 4 5 -1 7 -1 10 -1 -2
263: 1 -1 2 -1 3 4 5 -1 8 -1 10 -1 -2
263: 1 -1 2 -1 3 4 5 -1 8 -1 10 -1 -2
263: 1 -1 2 -1 3 4 5 -1 8 -1 7 -1 10 -1 -2
263: 1 -1 2 -1 3 4 5 -1 7 -1 10 -1 -2
263: 1 -1 2 -1 3 4 5 -1 8 -1 10 -1 -2
225: 1 -1 2 -1 3 4 5 -1 7 -1 10 -1 -2
225: 1 -1 2 -1 3 4 5 -1 7 -1 8 -1 10 -1 -2
225: 1 -1 2 -1 3 4 5 -1 7 -1 10 -1 -2
225: 1 -1 2 -1 3 4 5 -1 7 -1 10 -1 -2
225: 1 -1 2 -1 3 4 5 -1 7 -1 10 -1 -2
225: 1 -1 2 -1 3 4 5 -1 8 -1 7 -1 10 -1 -2
236: 1 -1 2 -1 5 -1 8 -1 10 -1 -2
236: 1 -1 2 -1 4 -1 5 -1 8 -1 7 -1 10 -1 -2
236: 1 -1 2 -1 4 -1 5 -1 7 -1 10 -1 -2
236: 1 -1 2 -1 3 5 -1 7 -1 8 -1 10 -1 -2
236: 1 -1 2 -1 3 5 -1 7 -1 10 -1 -2
236: 1 -1 2 -1 3 5 -1 9 -1 7 -1 10 -1 -2
246: 1 -1 2 -1 3 4 5 -1 7 -1 10 -1 -2
246: 1 -1 2 -1 3 4 5 -1 8 -1 10 -1 -2
246: 1 -1 2 -1 3 4 5 -1 7 -1 8 -1 10 -1 -2
246: 1 -1 2 -1 3 4 5 -1 7 -1 10 -1 -2
246: 1 -1 2 -1 3 4 5 -1 7 -1 10 -1 -2
246: 1 -1 2 -1 3 4 5 -1 7 -1 10 -1 -2
251: 1 -1 2 -1 3 4 5 -1 7 -1 10 -1 -2
251: 1 -1 2 -1 3 4 5 -1 7 -1 10 -1 -2
251: 1 -1 2 -1 3 4 5 -1 7 -1 10 -1 -2
251: 1 -1 2 -1 3 4 5 -1 8 -1 10 -1 -2
251: 1 -1 2 -1 3 4 5 -1 7 -1 10 -1 -2
251: 1 -1 2 -1 3 4 5 -1 7 -1 10 -1 -2
248: 1 -1 2 -1 3 4 5 -1 7 -1 10 -1 -2
248: 1 -1 2 -1 3 4 5 -1 7 -1 10 -1 -2
248: 1 -1 2 -1 3 4 5 -1 7 -1 10 -1 -2
248: 1 -1 2 -1 3 4 5 -1 7 -1 10 -1 -2
248: 1 -1 2 -1 3 4 5 -1 8 -1 10 -1 -2
248: 1 -1 2 -1 3 4 5 -1 7 -1 10 -1 -2
255: 1 -1 2 -1 3 9 -1 6 -1 5 -1 8 -1 10 -1 -2
255: 1 -1 2 -1 3 5 -1 7 -1 10 -1 -2
255: 1 -1 6 -1 5 -1 7 -1 9 -1 10 -1 -2
255: 1 -1 6 -1 5 -1 7 -1 10 -1 -2
255: 1 -1 2 -1 5 -1 7 -1 10 -1 -2
255: 1 -1 2 -1 5 -1 9 -1 8 -1 10 -1 -2
254: 1 -1 2 -1 3 4 5 -1 7 -1 10 -1 -2
254: 1 -1 2 -1 5 -1 7 -1 10 -1 -2
254: 1 -1 2 -1 3 4 5 -1 7 -1 10 -1 -2
254: 1 -1 2 -1 3 4 5 -1 7 -1 10 -1 -2
254: 1 -1 2 -1 3 4 5 -1 8 -1 10 -1 -2
254: 1 -1 2 -1 3 4 5 -1 7 -1 10 -1 -2
261: 1 -1 2 -1 3 5 -1 8 -1 7 -1 10 -1 -2
261: 1 -1 6 -1 5 -1 7 -1 10 -1 -2
261: 1 -1 6 -1 5 -1 2 -1 3 7 -1 10 -1 -2
261: 1 -1 2 -1 3 5 -1 9 -1 10 -1 -2
261: 1 -1 2 -1 3 5 -1 8 -1 9 -1 10 -1 -2
261: 1 -1 6 -1 5 -1 7 -1 9 -1 10 -1 -2
256: 1 -1 2 -1 4 -1 5 -1 8 -1 10 -1 -2
256: 1 -1 6 -1 5 -1 7 -1 10 -1 -2
256: 1 -1 2 -1 3 5 -1 9 -1 10 -1 -2
256: 1 -1 6 -1 5 -1 7 -1 9 -1 10 -1 -2
256: 1 -1 2 -1 3 5 -1 7 -1 10 -1 -2
256: 1 -1 2 -1 4 -1 5 -1 7 -1 10 -1 -2
258: 1 -1 6 -1 8 -1 2 -1 3 6 -1 5 -1 8 -1 10 -1 -2
258: 1 -1 2 -1 5 -1 7 -1 10 -1 -2
258: 1 -1 6 -1 5 -1 9 -1 8 -1 10 -1 -2
258: 1 -1 2 -1 5 -1 7 -1 10 -1 -2
258: 1 -1 6 -1 5 -1 7 -1 10 -1 -2
258: 1 -1 6 -1 5 -1 8 -1 7 -1 10 -1 -2
257: 1 -1 2 -1 3 4 5 -1 8 -1 10 -1 -2
257: 1 -1 2 -1 3 4 5 -1 8 -1 10 -1 -2
257: 1 -1 2 -1 3 4 5 -1 8 -1 10 -1 -2
257: 1 -1 2 -1 3 4 5 -1 7 -1 10 -1 -2
257: 1 -1 2 -1 3 4 5 -1 7 -1 10 -1 -2
257: 1 -1 2 -1 3 4 5 -1 7 -1 10 -1 -2
